{
 "cells": [
  {
   "cell_type": "markdown",
   "metadata": {},
   "source": [
    "# NETWORK ANALYSIS USING STOCK CORRELATIONS"
   ]
  },
  {
   "cell_type": "code",
   "execution_count": 4,
   "metadata": {},
   "outputs": [],
   "source": [
    "import datetime as dt\n",
    "import pandas as pd\n",
    "import numpy as np\n",
    "import networkx as nx\n",
    "import plotly.graph_objs as gobj"
   ]
  },
  {
   "cell_type": "code",
   "execution_count": 5,
   "metadata": {},
   "outputs": [],
   "source": [
    "#generate a random dataset of fake stock prices for 20 companies\n",
    "np.random.seed(200)\n",
    "df = pd.DataFrame(np.random.uniform(0,1217,size=(1217, 20)), columns=list('ABCDEFGHIJKLMNOPQRST'))"
   ]
  },
  {
   "cell_type": "code",
   "execution_count": 6,
   "metadata": {},
   "outputs": [
    {
     "data": {
      "text/html": [
       "<div>\n",
       "<style scoped>\n",
       "    .dataframe tbody tr th:only-of-type {\n",
       "        vertical-align: middle;\n",
       "    }\n",
       "\n",
       "    .dataframe tbody tr th {\n",
       "        vertical-align: top;\n",
       "    }\n",
       "\n",
       "    .dataframe thead th {\n",
       "        text-align: right;\n",
       "    }\n",
       "</style>\n",
       "<table border=\"1\" class=\"dataframe\">\n",
       "  <thead>\n",
       "    <tr style=\"text-align: right;\">\n",
       "      <th></th>\n",
       "      <th>A</th>\n",
       "      <th>B</th>\n",
       "      <th>C</th>\n",
       "      <th>D</th>\n",
       "      <th>E</th>\n",
       "      <th>F</th>\n",
       "      <th>G</th>\n",
       "      <th>H</th>\n",
       "      <th>I</th>\n",
       "      <th>J</th>\n",
       "      <th>K</th>\n",
       "      <th>L</th>\n",
       "      <th>M</th>\n",
       "      <th>N</th>\n",
       "      <th>O</th>\n",
       "      <th>P</th>\n",
       "      <th>Q</th>\n",
       "      <th>R</th>\n",
       "      <th>S</th>\n",
       "      <th>T</th>\n",
       "    </tr>\n",
       "  </thead>\n",
       "  <tbody>\n",
       "    <tr>\n",
       "      <th>0</th>\n",
       "      <td>1153.268457</td>\n",
       "      <td>275.708212</td>\n",
       "      <td>723.409316</td>\n",
       "      <td>521.251670</td>\n",
       "      <td>929.959216</td>\n",
       "      <td>3.481340</td>\n",
       "      <td>434.984620</td>\n",
       "      <td>1107.098676</td>\n",
       "      <td>555.050559</td>\n",
       "      <td>1194.853897</td>\n",
       "      <td>1055.573457</td>\n",
       "      <td>1199.995481</td>\n",
       "      <td>1123.615582</td>\n",
       "      <td>369.594763</td>\n",
       "      <td>1029.707948</td>\n",
       "      <td>147.527136</td>\n",
       "      <td>956.046339</td>\n",
       "      <td>304.864652</td>\n",
       "      <td>116.868157</td>\n",
       "      <td>1148.228592</td>\n",
       "    </tr>\n",
       "    <tr>\n",
       "      <th>1</th>\n",
       "      <td>1005.303029</td>\n",
       "      <td>630.801688</td>\n",
       "      <td>1063.050011</td>\n",
       "      <td>703.883215</td>\n",
       "      <td>547.752842</td>\n",
       "      <td>827.751044</td>\n",
       "      <td>510.440981</td>\n",
       "      <td>779.358846</td>\n",
       "      <td>740.734707</td>\n",
       "      <td>128.313309</td>\n",
       "      <td>1175.676265</td>\n",
       "      <td>923.338402</td>\n",
       "      <td>827.124112</td>\n",
       "      <td>400.816642</td>\n",
       "      <td>32.195593</td>\n",
       "      <td>978.054690</td>\n",
       "      <td>1183.933124</td>\n",
       "      <td>344.335686</td>\n",
       "      <td>789.923877</td>\n",
       "      <td>323.204896</td>\n",
       "    </tr>\n",
       "    <tr>\n",
       "      <th>2</th>\n",
       "      <td>228.417686</td>\n",
       "      <td>509.981262</td>\n",
       "      <td>810.520662</td>\n",
       "      <td>629.690161</td>\n",
       "      <td>1039.917395</td>\n",
       "      <td>208.120762</td>\n",
       "      <td>1190.418914</td>\n",
       "      <td>366.637952</td>\n",
       "      <td>282.890547</td>\n",
       "      <td>963.454718</td>\n",
       "      <td>1075.791248</td>\n",
       "      <td>1201.542316</td>\n",
       "      <td>19.549414</td>\n",
       "      <td>248.876318</td>\n",
       "      <td>785.645141</td>\n",
       "      <td>621.487848</td>\n",
       "      <td>255.970089</td>\n",
       "      <td>375.972769</td>\n",
       "      <td>21.428016</td>\n",
       "      <td>784.825709</td>\n",
       "    </tr>\n",
       "    <tr>\n",
       "      <th>3</th>\n",
       "      <td>643.387328</td>\n",
       "      <td>744.040214</td>\n",
       "      <td>364.035713</td>\n",
       "      <td>1082.929991</td>\n",
       "      <td>875.788562</td>\n",
       "      <td>1159.693467</td>\n",
       "      <td>483.279273</td>\n",
       "      <td>1203.184379</td>\n",
       "      <td>550.678490</td>\n",
       "      <td>886.064728</td>\n",
       "      <td>418.801821</td>\n",
       "      <td>1114.961874</td>\n",
       "      <td>78.394765</td>\n",
       "      <td>11.310948</td>\n",
       "      <td>580.828621</td>\n",
       "      <td>572.306207</td>\n",
       "      <td>38.503729</td>\n",
       "      <td>1111.240207</td>\n",
       "      <td>1132.131083</td>\n",
       "      <td>625.906698</td>\n",
       "    </tr>\n",
       "    <tr>\n",
       "      <th>4</th>\n",
       "      <td>661.226689</td>\n",
       "      <td>673.307900</td>\n",
       "      <td>1027.922145</td>\n",
       "      <td>1116.357164</td>\n",
       "      <td>297.791136</td>\n",
       "      <td>1103.515958</td>\n",
       "      <td>838.521598</td>\n",
       "      <td>879.984060</td>\n",
       "      <td>360.954744</td>\n",
       "      <td>643.354149</td>\n",
       "      <td>210.484619</td>\n",
       "      <td>473.133563</td>\n",
       "      <td>6.687002</td>\n",
       "      <td>193.313020</td>\n",
       "      <td>932.590886</td>\n",
       "      <td>628.460886</td>\n",
       "      <td>825.902371</td>\n",
       "      <td>83.387132</td>\n",
       "      <td>1057.324292</td>\n",
       "      <td>473.308367</td>\n",
       "    </tr>\n",
       "  </tbody>\n",
       "</table>\n",
       "</div>"
      ],
      "text/plain": [
       "             A           B            C            D            E  \\\n",
       "0  1153.268457  275.708212   723.409316   521.251670   929.959216   \n",
       "1  1005.303029  630.801688  1063.050011   703.883215   547.752842   \n",
       "2   228.417686  509.981262   810.520662   629.690161  1039.917395   \n",
       "3   643.387328  744.040214   364.035713  1082.929991   875.788562   \n",
       "4   661.226689  673.307900  1027.922145  1116.357164   297.791136   \n",
       "\n",
       "             F            G            H           I            J  \\\n",
       "0     3.481340   434.984620  1107.098676  555.050559  1194.853897   \n",
       "1   827.751044   510.440981   779.358846  740.734707   128.313309   \n",
       "2   208.120762  1190.418914   366.637952  282.890547   963.454718   \n",
       "3  1159.693467   483.279273  1203.184379  550.678490   886.064728   \n",
       "4  1103.515958   838.521598   879.984060  360.954744   643.354149   \n",
       "\n",
       "             K            L            M           N            O           P  \\\n",
       "0  1055.573457  1199.995481  1123.615582  369.594763  1029.707948  147.527136   \n",
       "1  1175.676265   923.338402   827.124112  400.816642    32.195593  978.054690   \n",
       "2  1075.791248  1201.542316    19.549414  248.876318   785.645141  621.487848   \n",
       "3   418.801821  1114.961874    78.394765   11.310948   580.828621  572.306207   \n",
       "4   210.484619   473.133563     6.687002  193.313020   932.590886  628.460886   \n",
       "\n",
       "             Q            R            S            T  \n",
       "0   956.046339   304.864652   116.868157  1148.228592  \n",
       "1  1183.933124   344.335686   789.923877   323.204896  \n",
       "2   255.970089   375.972769    21.428016   784.825709  \n",
       "3    38.503729  1111.240207  1132.131083   625.906698  \n",
       "4   825.902371    83.387132  1057.324292   473.308367  "
      ]
     },
     "execution_count": 6,
     "metadata": {},
     "output_type": "execute_result"
    }
   ],
   "source": [
    "df.head()"
   ]
  },
  {
   "cell_type": "code",
   "execution_count": 7,
   "metadata": {},
   "outputs": [],
   "source": [
    "#create a correlation matrix\n",
    "cor_matrix = df.iloc[:,0:].corr()"
   ]
  },
  {
   "cell_type": "code",
   "execution_count": 8,
   "metadata": {},
   "outputs": [
    {
     "data": {
      "text/html": [
       "<div>\n",
       "<style scoped>\n",
       "    .dataframe tbody tr th:only-of-type {\n",
       "        vertical-align: middle;\n",
       "    }\n",
       "\n",
       "    .dataframe tbody tr th {\n",
       "        vertical-align: top;\n",
       "    }\n",
       "\n",
       "    .dataframe thead th {\n",
       "        text-align: right;\n",
       "    }\n",
       "</style>\n",
       "<table border=\"1\" class=\"dataframe\">\n",
       "  <thead>\n",
       "    <tr style=\"text-align: right;\">\n",
       "      <th></th>\n",
       "      <th>A</th>\n",
       "      <th>B</th>\n",
       "      <th>C</th>\n",
       "      <th>D</th>\n",
       "      <th>E</th>\n",
       "      <th>F</th>\n",
       "      <th>G</th>\n",
       "      <th>H</th>\n",
       "      <th>I</th>\n",
       "      <th>J</th>\n",
       "      <th>K</th>\n",
       "      <th>L</th>\n",
       "      <th>M</th>\n",
       "      <th>N</th>\n",
       "      <th>O</th>\n",
       "      <th>P</th>\n",
       "      <th>Q</th>\n",
       "      <th>R</th>\n",
       "      <th>S</th>\n",
       "      <th>T</th>\n",
       "    </tr>\n",
       "  </thead>\n",
       "  <tbody>\n",
       "    <tr>\n",
       "      <th>A</th>\n",
       "      <td>1.000000</td>\n",
       "      <td>-0.018261</td>\n",
       "      <td>0.012004</td>\n",
       "      <td>0.001061</td>\n",
       "      <td>-0.034382</td>\n",
       "      <td>-0.016346</td>\n",
       "      <td>0.012407</td>\n",
       "      <td>-0.015777</td>\n",
       "      <td>-0.007511</td>\n",
       "      <td>0.002130</td>\n",
       "      <td>0.012856</td>\n",
       "      <td>0.007962</td>\n",
       "      <td>-0.019278</td>\n",
       "      <td>-0.005051</td>\n",
       "      <td>-0.027672</td>\n",
       "      <td>0.010634</td>\n",
       "      <td>-0.000922</td>\n",
       "      <td>0.018698</td>\n",
       "      <td>0.021684</td>\n",
       "      <td>0.024827</td>\n",
       "    </tr>\n",
       "    <tr>\n",
       "      <th>B</th>\n",
       "      <td>-0.018261</td>\n",
       "      <td>1.000000</td>\n",
       "      <td>0.018867</td>\n",
       "      <td>-0.026160</td>\n",
       "      <td>-0.002655</td>\n",
       "      <td>-0.011164</td>\n",
       "      <td>-0.009057</td>\n",
       "      <td>0.009523</td>\n",
       "      <td>0.043104</td>\n",
       "      <td>0.024498</td>\n",
       "      <td>0.017190</td>\n",
       "      <td>0.033907</td>\n",
       "      <td>-0.032609</td>\n",
       "      <td>-0.004066</td>\n",
       "      <td>-0.001493</td>\n",
       "      <td>0.055295</td>\n",
       "      <td>-0.051921</td>\n",
       "      <td>-0.027434</td>\n",
       "      <td>-0.013124</td>\n",
       "      <td>0.013358</td>\n",
       "    </tr>\n",
       "    <tr>\n",
       "      <th>C</th>\n",
       "      <td>0.012004</td>\n",
       "      <td>0.018867</td>\n",
       "      <td>1.000000</td>\n",
       "      <td>0.011466</td>\n",
       "      <td>-0.013103</td>\n",
       "      <td>0.013909</td>\n",
       "      <td>-0.012900</td>\n",
       "      <td>-0.041518</td>\n",
       "      <td>0.033103</td>\n",
       "      <td>-0.031959</td>\n",
       "      <td>0.034797</td>\n",
       "      <td>0.003373</td>\n",
       "      <td>0.005399</td>\n",
       "      <td>-0.002130</td>\n",
       "      <td>0.004691</td>\n",
       "      <td>-0.020398</td>\n",
       "      <td>0.031857</td>\n",
       "      <td>0.029132</td>\n",
       "      <td>0.016751</td>\n",
       "      <td>-0.040383</td>\n",
       "    </tr>\n",
       "    <tr>\n",
       "      <th>D</th>\n",
       "      <td>0.001061</td>\n",
       "      <td>-0.026160</td>\n",
       "      <td>0.011466</td>\n",
       "      <td>1.000000</td>\n",
       "      <td>-0.016326</td>\n",
       "      <td>0.058533</td>\n",
       "      <td>-0.018387</td>\n",
       "      <td>-0.002471</td>\n",
       "      <td>0.021168</td>\n",
       "      <td>0.030938</td>\n",
       "      <td>-0.020361</td>\n",
       "      <td>-0.009994</td>\n",
       "      <td>0.011483</td>\n",
       "      <td>-0.020245</td>\n",
       "      <td>0.030304</td>\n",
       "      <td>0.043828</td>\n",
       "      <td>-0.038193</td>\n",
       "      <td>-0.010382</td>\n",
       "      <td>0.005954</td>\n",
       "      <td>0.024696</td>\n",
       "    </tr>\n",
       "    <tr>\n",
       "      <th>E</th>\n",
       "      <td>-0.034382</td>\n",
       "      <td>-0.002655</td>\n",
       "      <td>-0.013103</td>\n",
       "      <td>-0.016326</td>\n",
       "      <td>1.000000</td>\n",
       "      <td>-0.036301</td>\n",
       "      <td>0.029694</td>\n",
       "      <td>-0.028642</td>\n",
       "      <td>0.075194</td>\n",
       "      <td>0.035876</td>\n",
       "      <td>-0.017766</td>\n",
       "      <td>0.004405</td>\n",
       "      <td>-0.051278</td>\n",
       "      <td>-0.027299</td>\n",
       "      <td>0.002566</td>\n",
       "      <td>-0.006690</td>\n",
       "      <td>-0.002130</td>\n",
       "      <td>0.023201</td>\n",
       "      <td>-0.041731</td>\n",
       "      <td>-0.000576</td>\n",
       "    </tr>\n",
       "    <tr>\n",
       "      <th>F</th>\n",
       "      <td>-0.016346</td>\n",
       "      <td>-0.011164</td>\n",
       "      <td>0.013909</td>\n",
       "      <td>0.058533</td>\n",
       "      <td>-0.036301</td>\n",
       "      <td>1.000000</td>\n",
       "      <td>-0.019239</td>\n",
       "      <td>0.001264</td>\n",
       "      <td>0.042976</td>\n",
       "      <td>0.004632</td>\n",
       "      <td>0.017309</td>\n",
       "      <td>0.011455</td>\n",
       "      <td>0.036136</td>\n",
       "      <td>-0.021324</td>\n",
       "      <td>0.023776</td>\n",
       "      <td>0.010140</td>\n",
       "      <td>0.001572</td>\n",
       "      <td>-0.027452</td>\n",
       "      <td>0.019570</td>\n",
       "      <td>0.041044</td>\n",
       "    </tr>\n",
       "    <tr>\n",
       "      <th>G</th>\n",
       "      <td>0.012407</td>\n",
       "      <td>-0.009057</td>\n",
       "      <td>-0.012900</td>\n",
       "      <td>-0.018387</td>\n",
       "      <td>0.029694</td>\n",
       "      <td>-0.019239</td>\n",
       "      <td>1.000000</td>\n",
       "      <td>-0.042954</td>\n",
       "      <td>0.052785</td>\n",
       "      <td>-0.007319</td>\n",
       "      <td>0.046280</td>\n",
       "      <td>0.018527</td>\n",
       "      <td>-0.003044</td>\n",
       "      <td>-0.003512</td>\n",
       "      <td>0.042693</td>\n",
       "      <td>0.064819</td>\n",
       "      <td>-0.025890</td>\n",
       "      <td>0.026342</td>\n",
       "      <td>-0.009163</td>\n",
       "      <td>0.013849</td>\n",
       "    </tr>\n",
       "    <tr>\n",
       "      <th>H</th>\n",
       "      <td>-0.015777</td>\n",
       "      <td>0.009523</td>\n",
       "      <td>-0.041518</td>\n",
       "      <td>-0.002471</td>\n",
       "      <td>-0.028642</td>\n",
       "      <td>0.001264</td>\n",
       "      <td>-0.042954</td>\n",
       "      <td>1.000000</td>\n",
       "      <td>-0.027451</td>\n",
       "      <td>0.010361</td>\n",
       "      <td>0.021342</td>\n",
       "      <td>-0.023435</td>\n",
       "      <td>0.022255</td>\n",
       "      <td>0.004557</td>\n",
       "      <td>0.041518</td>\n",
       "      <td>-0.025057</td>\n",
       "      <td>-0.027090</td>\n",
       "      <td>-0.020492</td>\n",
       "      <td>0.042765</td>\n",
       "      <td>0.075806</td>\n",
       "    </tr>\n",
       "    <tr>\n",
       "      <th>I</th>\n",
       "      <td>-0.007511</td>\n",
       "      <td>0.043104</td>\n",
       "      <td>0.033103</td>\n",
       "      <td>0.021168</td>\n",
       "      <td>0.075194</td>\n",
       "      <td>0.042976</td>\n",
       "      <td>0.052785</td>\n",
       "      <td>-0.027451</td>\n",
       "      <td>1.000000</td>\n",
       "      <td>0.046140</td>\n",
       "      <td>0.010457</td>\n",
       "      <td>-0.035490</td>\n",
       "      <td>-0.017676</td>\n",
       "      <td>-0.013208</td>\n",
       "      <td>0.013197</td>\n",
       "      <td>-0.016601</td>\n",
       "      <td>0.036064</td>\n",
       "      <td>-0.044112</td>\n",
       "      <td>0.051850</td>\n",
       "      <td>0.007466</td>\n",
       "    </tr>\n",
       "    <tr>\n",
       "      <th>J</th>\n",
       "      <td>0.002130</td>\n",
       "      <td>0.024498</td>\n",
       "      <td>-0.031959</td>\n",
       "      <td>0.030938</td>\n",
       "      <td>0.035876</td>\n",
       "      <td>0.004632</td>\n",
       "      <td>-0.007319</td>\n",
       "      <td>0.010361</td>\n",
       "      <td>0.046140</td>\n",
       "      <td>1.000000</td>\n",
       "      <td>0.025697</td>\n",
       "      <td>-0.020600</td>\n",
       "      <td>-0.040007</td>\n",
       "      <td>-0.011932</td>\n",
       "      <td>0.015507</td>\n",
       "      <td>0.010599</td>\n",
       "      <td>-0.002652</td>\n",
       "      <td>-0.012037</td>\n",
       "      <td>0.008857</td>\n",
       "      <td>-0.000735</td>\n",
       "    </tr>\n",
       "    <tr>\n",
       "      <th>K</th>\n",
       "      <td>0.012856</td>\n",
       "      <td>0.017190</td>\n",
       "      <td>0.034797</td>\n",
       "      <td>-0.020361</td>\n",
       "      <td>-0.017766</td>\n",
       "      <td>0.017309</td>\n",
       "      <td>0.046280</td>\n",
       "      <td>0.021342</td>\n",
       "      <td>0.010457</td>\n",
       "      <td>0.025697</td>\n",
       "      <td>1.000000</td>\n",
       "      <td>0.040539</td>\n",
       "      <td>-0.000721</td>\n",
       "      <td>-0.003278</td>\n",
       "      <td>-0.024203</td>\n",
       "      <td>-0.056099</td>\n",
       "      <td>-0.026194</td>\n",
       "      <td>0.024701</td>\n",
       "      <td>-0.010763</td>\n",
       "      <td>-0.009076</td>\n",
       "    </tr>\n",
       "    <tr>\n",
       "      <th>L</th>\n",
       "      <td>0.007962</td>\n",
       "      <td>0.033907</td>\n",
       "      <td>0.003373</td>\n",
       "      <td>-0.009994</td>\n",
       "      <td>0.004405</td>\n",
       "      <td>0.011455</td>\n",
       "      <td>0.018527</td>\n",
       "      <td>-0.023435</td>\n",
       "      <td>-0.035490</td>\n",
       "      <td>-0.020600</td>\n",
       "      <td>0.040539</td>\n",
       "      <td>1.000000</td>\n",
       "      <td>-0.062117</td>\n",
       "      <td>0.001963</td>\n",
       "      <td>-0.048612</td>\n",
       "      <td>0.008540</td>\n",
       "      <td>0.050751</td>\n",
       "      <td>0.038016</td>\n",
       "      <td>-0.060040</td>\n",
       "      <td>-0.030899</td>\n",
       "    </tr>\n",
       "    <tr>\n",
       "      <th>M</th>\n",
       "      <td>-0.019278</td>\n",
       "      <td>-0.032609</td>\n",
       "      <td>0.005399</td>\n",
       "      <td>0.011483</td>\n",
       "      <td>-0.051278</td>\n",
       "      <td>0.036136</td>\n",
       "      <td>-0.003044</td>\n",
       "      <td>0.022255</td>\n",
       "      <td>-0.017676</td>\n",
       "      <td>-0.040007</td>\n",
       "      <td>-0.000721</td>\n",
       "      <td>-0.062117</td>\n",
       "      <td>1.000000</td>\n",
       "      <td>-0.027005</td>\n",
       "      <td>0.000066</td>\n",
       "      <td>0.049325</td>\n",
       "      <td>-0.034407</td>\n",
       "      <td>-0.002422</td>\n",
       "      <td>0.025581</td>\n",
       "      <td>-0.007395</td>\n",
       "    </tr>\n",
       "    <tr>\n",
       "      <th>N</th>\n",
       "      <td>-0.005051</td>\n",
       "      <td>-0.004066</td>\n",
       "      <td>-0.002130</td>\n",
       "      <td>-0.020245</td>\n",
       "      <td>-0.027299</td>\n",
       "      <td>-0.021324</td>\n",
       "      <td>-0.003512</td>\n",
       "      <td>0.004557</td>\n",
       "      <td>-0.013208</td>\n",
       "      <td>-0.011932</td>\n",
       "      <td>-0.003278</td>\n",
       "      <td>0.001963</td>\n",
       "      <td>-0.027005</td>\n",
       "      <td>1.000000</td>\n",
       "      <td>-0.011063</td>\n",
       "      <td>-0.007224</td>\n",
       "      <td>0.000306</td>\n",
       "      <td>-0.022247</td>\n",
       "      <td>-0.013704</td>\n",
       "      <td>0.030618</td>\n",
       "    </tr>\n",
       "    <tr>\n",
       "      <th>O</th>\n",
       "      <td>-0.027672</td>\n",
       "      <td>-0.001493</td>\n",
       "      <td>0.004691</td>\n",
       "      <td>0.030304</td>\n",
       "      <td>0.002566</td>\n",
       "      <td>0.023776</td>\n",
       "      <td>0.042693</td>\n",
       "      <td>0.041518</td>\n",
       "      <td>0.013197</td>\n",
       "      <td>0.015507</td>\n",
       "      <td>-0.024203</td>\n",
       "      <td>-0.048612</td>\n",
       "      <td>0.000066</td>\n",
       "      <td>-0.011063</td>\n",
       "      <td>1.000000</td>\n",
       "      <td>-0.058932</td>\n",
       "      <td>-0.040290</td>\n",
       "      <td>-0.007568</td>\n",
       "      <td>0.009437</td>\n",
       "      <td>-0.028906</td>\n",
       "    </tr>\n",
       "    <tr>\n",
       "      <th>P</th>\n",
       "      <td>0.010634</td>\n",
       "      <td>0.055295</td>\n",
       "      <td>-0.020398</td>\n",
       "      <td>0.043828</td>\n",
       "      <td>-0.006690</td>\n",
       "      <td>0.010140</td>\n",
       "      <td>0.064819</td>\n",
       "      <td>-0.025057</td>\n",
       "      <td>-0.016601</td>\n",
       "      <td>0.010599</td>\n",
       "      <td>-0.056099</td>\n",
       "      <td>0.008540</td>\n",
       "      <td>0.049325</td>\n",
       "      <td>-0.007224</td>\n",
       "      <td>-0.058932</td>\n",
       "      <td>1.000000</td>\n",
       "      <td>-0.027165</td>\n",
       "      <td>0.021873</td>\n",
       "      <td>-0.042659</td>\n",
       "      <td>-0.006268</td>\n",
       "    </tr>\n",
       "    <tr>\n",
       "      <th>Q</th>\n",
       "      <td>-0.000922</td>\n",
       "      <td>-0.051921</td>\n",
       "      <td>0.031857</td>\n",
       "      <td>-0.038193</td>\n",
       "      <td>-0.002130</td>\n",
       "      <td>0.001572</td>\n",
       "      <td>-0.025890</td>\n",
       "      <td>-0.027090</td>\n",
       "      <td>0.036064</td>\n",
       "      <td>-0.002652</td>\n",
       "      <td>-0.026194</td>\n",
       "      <td>0.050751</td>\n",
       "      <td>-0.034407</td>\n",
       "      <td>0.000306</td>\n",
       "      <td>-0.040290</td>\n",
       "      <td>-0.027165</td>\n",
       "      <td>1.000000</td>\n",
       "      <td>0.036137</td>\n",
       "      <td>0.020239</td>\n",
       "      <td>-0.003099</td>\n",
       "    </tr>\n",
       "    <tr>\n",
       "      <th>R</th>\n",
       "      <td>0.018698</td>\n",
       "      <td>-0.027434</td>\n",
       "      <td>0.029132</td>\n",
       "      <td>-0.010382</td>\n",
       "      <td>0.023201</td>\n",
       "      <td>-0.027452</td>\n",
       "      <td>0.026342</td>\n",
       "      <td>-0.020492</td>\n",
       "      <td>-0.044112</td>\n",
       "      <td>-0.012037</td>\n",
       "      <td>0.024701</td>\n",
       "      <td>0.038016</td>\n",
       "      <td>-0.002422</td>\n",
       "      <td>-0.022247</td>\n",
       "      <td>-0.007568</td>\n",
       "      <td>0.021873</td>\n",
       "      <td>0.036137</td>\n",
       "      <td>1.000000</td>\n",
       "      <td>0.014748</td>\n",
       "      <td>-0.016594</td>\n",
       "    </tr>\n",
       "    <tr>\n",
       "      <th>S</th>\n",
       "      <td>0.021684</td>\n",
       "      <td>-0.013124</td>\n",
       "      <td>0.016751</td>\n",
       "      <td>0.005954</td>\n",
       "      <td>-0.041731</td>\n",
       "      <td>0.019570</td>\n",
       "      <td>-0.009163</td>\n",
       "      <td>0.042765</td>\n",
       "      <td>0.051850</td>\n",
       "      <td>0.008857</td>\n",
       "      <td>-0.010763</td>\n",
       "      <td>-0.060040</td>\n",
       "      <td>0.025581</td>\n",
       "      <td>-0.013704</td>\n",
       "      <td>0.009437</td>\n",
       "      <td>-0.042659</td>\n",
       "      <td>0.020239</td>\n",
       "      <td>0.014748</td>\n",
       "      <td>1.000000</td>\n",
       "      <td>-0.036511</td>\n",
       "    </tr>\n",
       "    <tr>\n",
       "      <th>T</th>\n",
       "      <td>0.024827</td>\n",
       "      <td>0.013358</td>\n",
       "      <td>-0.040383</td>\n",
       "      <td>0.024696</td>\n",
       "      <td>-0.000576</td>\n",
       "      <td>0.041044</td>\n",
       "      <td>0.013849</td>\n",
       "      <td>0.075806</td>\n",
       "      <td>0.007466</td>\n",
       "      <td>-0.000735</td>\n",
       "      <td>-0.009076</td>\n",
       "      <td>-0.030899</td>\n",
       "      <td>-0.007395</td>\n",
       "      <td>0.030618</td>\n",
       "      <td>-0.028906</td>\n",
       "      <td>-0.006268</td>\n",
       "      <td>-0.003099</td>\n",
       "      <td>-0.016594</td>\n",
       "      <td>-0.036511</td>\n",
       "      <td>1.000000</td>\n",
       "    </tr>\n",
       "  </tbody>\n",
       "</table>\n",
       "</div>"
      ],
      "text/plain": [
       "          A         B         C         D         E         F         G  \\\n",
       "A  1.000000 -0.018261  0.012004  0.001061 -0.034382 -0.016346  0.012407   \n",
       "B -0.018261  1.000000  0.018867 -0.026160 -0.002655 -0.011164 -0.009057   \n",
       "C  0.012004  0.018867  1.000000  0.011466 -0.013103  0.013909 -0.012900   \n",
       "D  0.001061 -0.026160  0.011466  1.000000 -0.016326  0.058533 -0.018387   \n",
       "E -0.034382 -0.002655 -0.013103 -0.016326  1.000000 -0.036301  0.029694   \n",
       "F -0.016346 -0.011164  0.013909  0.058533 -0.036301  1.000000 -0.019239   \n",
       "G  0.012407 -0.009057 -0.012900 -0.018387  0.029694 -0.019239  1.000000   \n",
       "H -0.015777  0.009523 -0.041518 -0.002471 -0.028642  0.001264 -0.042954   \n",
       "I -0.007511  0.043104  0.033103  0.021168  0.075194  0.042976  0.052785   \n",
       "J  0.002130  0.024498 -0.031959  0.030938  0.035876  0.004632 -0.007319   \n",
       "K  0.012856  0.017190  0.034797 -0.020361 -0.017766  0.017309  0.046280   \n",
       "L  0.007962  0.033907  0.003373 -0.009994  0.004405  0.011455  0.018527   \n",
       "M -0.019278 -0.032609  0.005399  0.011483 -0.051278  0.036136 -0.003044   \n",
       "N -0.005051 -0.004066 -0.002130 -0.020245 -0.027299 -0.021324 -0.003512   \n",
       "O -0.027672 -0.001493  0.004691  0.030304  0.002566  0.023776  0.042693   \n",
       "P  0.010634  0.055295 -0.020398  0.043828 -0.006690  0.010140  0.064819   \n",
       "Q -0.000922 -0.051921  0.031857 -0.038193 -0.002130  0.001572 -0.025890   \n",
       "R  0.018698 -0.027434  0.029132 -0.010382  0.023201 -0.027452  0.026342   \n",
       "S  0.021684 -0.013124  0.016751  0.005954 -0.041731  0.019570 -0.009163   \n",
       "T  0.024827  0.013358 -0.040383  0.024696 -0.000576  0.041044  0.013849   \n",
       "\n",
       "          H         I         J         K         L         M         N  \\\n",
       "A -0.015777 -0.007511  0.002130  0.012856  0.007962 -0.019278 -0.005051   \n",
       "B  0.009523  0.043104  0.024498  0.017190  0.033907 -0.032609 -0.004066   \n",
       "C -0.041518  0.033103 -0.031959  0.034797  0.003373  0.005399 -0.002130   \n",
       "D -0.002471  0.021168  0.030938 -0.020361 -0.009994  0.011483 -0.020245   \n",
       "E -0.028642  0.075194  0.035876 -0.017766  0.004405 -0.051278 -0.027299   \n",
       "F  0.001264  0.042976  0.004632  0.017309  0.011455  0.036136 -0.021324   \n",
       "G -0.042954  0.052785 -0.007319  0.046280  0.018527 -0.003044 -0.003512   \n",
       "H  1.000000 -0.027451  0.010361  0.021342 -0.023435  0.022255  0.004557   \n",
       "I -0.027451  1.000000  0.046140  0.010457 -0.035490 -0.017676 -0.013208   \n",
       "J  0.010361  0.046140  1.000000  0.025697 -0.020600 -0.040007 -0.011932   \n",
       "K  0.021342  0.010457  0.025697  1.000000  0.040539 -0.000721 -0.003278   \n",
       "L -0.023435 -0.035490 -0.020600  0.040539  1.000000 -0.062117  0.001963   \n",
       "M  0.022255 -0.017676 -0.040007 -0.000721 -0.062117  1.000000 -0.027005   \n",
       "N  0.004557 -0.013208 -0.011932 -0.003278  0.001963 -0.027005  1.000000   \n",
       "O  0.041518  0.013197  0.015507 -0.024203 -0.048612  0.000066 -0.011063   \n",
       "P -0.025057 -0.016601  0.010599 -0.056099  0.008540  0.049325 -0.007224   \n",
       "Q -0.027090  0.036064 -0.002652 -0.026194  0.050751 -0.034407  0.000306   \n",
       "R -0.020492 -0.044112 -0.012037  0.024701  0.038016 -0.002422 -0.022247   \n",
       "S  0.042765  0.051850  0.008857 -0.010763 -0.060040  0.025581 -0.013704   \n",
       "T  0.075806  0.007466 -0.000735 -0.009076 -0.030899 -0.007395  0.030618   \n",
       "\n",
       "          O         P         Q         R         S         T  \n",
       "A -0.027672  0.010634 -0.000922  0.018698  0.021684  0.024827  \n",
       "B -0.001493  0.055295 -0.051921 -0.027434 -0.013124  0.013358  \n",
       "C  0.004691 -0.020398  0.031857  0.029132  0.016751 -0.040383  \n",
       "D  0.030304  0.043828 -0.038193 -0.010382  0.005954  0.024696  \n",
       "E  0.002566 -0.006690 -0.002130  0.023201 -0.041731 -0.000576  \n",
       "F  0.023776  0.010140  0.001572 -0.027452  0.019570  0.041044  \n",
       "G  0.042693  0.064819 -0.025890  0.026342 -0.009163  0.013849  \n",
       "H  0.041518 -0.025057 -0.027090 -0.020492  0.042765  0.075806  \n",
       "I  0.013197 -0.016601  0.036064 -0.044112  0.051850  0.007466  \n",
       "J  0.015507  0.010599 -0.002652 -0.012037  0.008857 -0.000735  \n",
       "K -0.024203 -0.056099 -0.026194  0.024701 -0.010763 -0.009076  \n",
       "L -0.048612  0.008540  0.050751  0.038016 -0.060040 -0.030899  \n",
       "M  0.000066  0.049325 -0.034407 -0.002422  0.025581 -0.007395  \n",
       "N -0.011063 -0.007224  0.000306 -0.022247 -0.013704  0.030618  \n",
       "O  1.000000 -0.058932 -0.040290 -0.007568  0.009437 -0.028906  \n",
       "P -0.058932  1.000000 -0.027165  0.021873 -0.042659 -0.006268  \n",
       "Q -0.040290 -0.027165  1.000000  0.036137  0.020239 -0.003099  \n",
       "R -0.007568  0.021873  0.036137  1.000000  0.014748 -0.016594  \n",
       "S  0.009437 -0.042659  0.020239  0.014748  1.000000 -0.036511  \n",
       "T -0.028906 -0.006268 -0.003099 -0.016594 -0.036511  1.000000  "
      ]
     },
     "execution_count": 8,
     "metadata": {},
     "output_type": "execute_result"
    }
   ],
   "source": [
    "cor_matrix"
   ]
  },
  {
   "cell_type": "code",
   "execution_count": 9,
   "metadata": {},
   "outputs": [],
   "source": [
    "#turn into a matrix for networkx\n",
    "cor_matrix = np.asmatrix(cor_matrix)\n",
    "#create graph\n",
    "G = nx.from_numpy_matrix(cor_matrix)"
   ]
  },
  {
   "cell_type": "code",
   "execution_count": 10,
   "metadata": {},
   "outputs": [
    {
     "name": "stdout",
     "output_type": "stream",
     "text": [
      "The number of nodes is: 20\n",
      "The number of edges is: 210\n"
     ]
    }
   ],
   "source": [
    "print(\"The number of nodes is: {}\".format(len(G.nodes())))\n",
    "print(\"The number of edges is: {}\".format(len(G.edges())))"
   ]
  },
  {
   "cell_type": "code",
   "execution_count": 11,
   "metadata": {},
   "outputs": [],
   "source": [
    "#list together edges and their corr weights\n",
    "edges,weights = zip(*nx.get_edge_attributes(G,'weight').items())"
   ]
  },
  {
   "cell_type": "code",
   "execution_count": 12,
   "metadata": {},
   "outputs": [],
   "source": [
    "#get x and y coordinates of nodes\n",
    "pos = nx.spring_layout(G)\n",
    "\n",
    "#add node positions to the graph\n",
    "for i, j in pos.items():\n",
    "    G.node[i]['pos'] = j"
   ]
  },
  {
   "cell_type": "code",
   "execution_count": 13,
   "metadata": {},
   "outputs": [],
   "source": [
    "#create edges\n",
    "edge_trace = gobj.Scatter(\n",
    "    x=[],\n",
    "    y=[],\n",
    "    line=dict(width=0.5,color='#a2a2a2'),\n",
    "    hoverinfo='none',\n",
    "    mode='lines')\n",
    "\n",
    "for edge in G.edges():\n",
    "    x0, y0 = G.node[edge[0]]['pos']\n",
    "    x1, y1 = G.node[edge[1]]['pos']\n",
    "    edge_trace['x'] += tuple([x0, x1, None])\n",
    "    edge_trace['y'] += tuple([y0, y1, None])"
   ]
  },
  {
   "cell_type": "code",
   "execution_count": 14,
   "metadata": {},
   "outputs": [],
   "source": [
    "#create nodes\n",
    "node_trace = gobj.Scatter(\n",
    "    x=[],\n",
    "    y=[],\n",
    "    text=[],\n",
    "    mode='markers',\n",
    "    hoverinfo='text',\n",
    "    marker=dict(\n",
    "        showscale=True,\n",
    "        colorscale='Viridis',\n",
    "        reversescale=True,\n",
    "        color=[],\n",
    "        size=15,\n",
    "        colorbar=dict(\n",
    "            thickness=10,\n",
    "            title='Node Connections',\n",
    "            xanchor='left',\n",
    "            titleside='right'\n",
    "        ),\n",
    "        line=dict(width=0)))\n",
    "\n",
    "for node in G.nodes():\n",
    "    x, y = G.node[node]['pos']\n",
    "    node_trace['x'] += tuple([x])\n",
    "    node_trace['y'] += tuple([y])"
   ]
  },
  {
   "cell_type": "code",
   "execution_count": 15,
   "metadata": {},
   "outputs": [],
   "source": [
    "for node, adjacencies in enumerate(G.adjacency()):\n",
    "    node_trace['marker']['color']+=tuple([len(adjacencies[1])])"
   ]
  },
  {
   "cell_type": "code",
   "execution_count": 16,
   "metadata": {},
   "outputs": [
    {
     "data": {
      "text/html": [
       "<div>\n",
       "  <iframe src=\"/app/endpoints/d392286e31174d06971361d118c08eed/\" width=800 height=600 frameborder=\"0\"></iframe>\n",
       "  <hr/><a href=\"/app/endpoints/d392286e31174d06971361d118c08eed/\" target=\"_new\">Open in new window</a> for /app/endpoints/d392286e31174d06971361d118c08eed/\n",
       "</div>"
      ],
      "text/plain": [
       "<jupyter_plotly_dash.dash_wrapper.JupyterDash at 0x233f0a3b748>"
      ]
     },
     "execution_count": 16,
     "metadata": {},
     "output_type": "execute_result"
    }
   ],
   "source": [
    "from jupyter_plotly_dash import JupyterDash\n",
    "import dash\n",
    "import dash_html_components as html\n",
    "import dash_core_components as dcc\n",
    "from dash.dependencies import Input, Output\n",
    "\n",
    "app = JupyterDash('Graph_Example')\n",
    "\n",
    "graph_fig = gobj.Figure(data=[edge_trace, node_trace],\n",
    "                layout=gobj.Layout(\n",
    "                title='Stock Correlation Network',\n",
    "                titlefont_size=24,\n",
    "                showlegend=False,\n",
    "                hovermode='closest',\n",
    "                margin=dict(b=40,l=10,r=10,t=40),\n",
    "                width=900,\n",
    "                height=900,\n",
    "                annotations=[ dict( showarrow=True,\n",
    "                                    xref=\"paper\", yref=\"paper\",\n",
    "                                    x=1, y=-2)],\n",
    "                xaxis=dict(showgrid=False, zeroline=False, showticklabels=False),\n",
    "                yaxis=dict(showgrid=False, zeroline=False, showticklabels=False))\n",
    "                )\n",
    "\n",
    "#display app layout\n",
    "app.layout = html.Div([html.Div(dcc.Graph(id='graph',figure=graph_fig))])\n",
    "app  \n"
   ]
  }
 ],
 "metadata": {
  "kernelspec": {
   "display_name": "Python 3",
   "language": "python",
   "name": "python3"
  },
  "language_info": {
   "codemirror_mode": {
    "name": "ipython",
    "version": 3
   },
   "file_extension": ".py",
   "mimetype": "text/x-python",
   "name": "python",
   "nbconvert_exporter": "python",
   "pygments_lexer": "ipython3",
   "version": "3.7.3"
  }
 },
 "nbformat": 4,
 "nbformat_minor": 4
}
